waypoints:
    - point:
        x: -0.109837
        y: -4.40054
        z: 0.00141144
    - point:
        x: -5.57405
        y: -4.60179
        z: 0.00160694
    - point:
        x: -7.99268
        y: 0.582856
        z: -0.000265121
finish_pose:
    header:
        seq: 0
        stamp: 4172.131000000
        frame_id: map
    pose:
        position:
            x: 0.0426245
            y: -0.0117855
            z: 0
        orientation:
            x: 0
            y: 0
            z: 0.0264584
            w: 0.99965
